--- ORR Summary ---

{
  "E_H2_g": -6.6929612159729,
  "E_H2O_g": -14.132852554321289,
  "E_O2_g": -9.959782676696776,
  "E_slab": -578.9431762695312,
  "E_slab_OOH": -593.30810546875,
  "E_slab_O": -584.8267822265625,
  "E_slab_OH": -588.8359375,
  "dE1": -1.0586659145354815,
  "dE2": -2.305048704147339,
  "dE3": -0.6626746654510498,
  "dE4": -0.8936107158660889
}

ΔE (eV): -1.059, -2.305, -0.663, -0.894
Overpotential η = 0.927 V
